10260
10289
10414
10905
10924
11024
11418
11515
11521
11993
12064
12197
12228
12499
12521
12679
12785
12807
12807
12807
12807
12968
13086
13162
13183
13185
13211
13323
13325
13575
13604
14027
14100
14114
14134
14359
14362
14564
14861
15026
15275
15277
15308
15346
15438
15572
15597
15774
15873
15898
15930
15943
16082
16112
16237
16363
16429
16532
16727
16778
16819
16827
16884
16995
17007
17072
17092
17105
17731
17824
17910
17923
17929
18232
18375
18558
18570
18591
18604
18604
18604
18604
18604
18604
18604
18604
18604
18604
18604
18604
18604
18604
18604
18604
18604
18604
18604
18604
18734
18897
19227
19376
19594
19705
20077
20227
20227
20227
20227
20404
20446
20511
20648
20808
21018
21408
21444
21461
21784
21853
22080
22264
22307
22346
22452
22462
22569
22618
22657
22858
22911
23042
23231
23243
23351
23379
23408
23599
23655
23667
23667
23667
23667
23667
23667
23667
23670
23710
23892
23949
24086
24090
24114
24457
24578
24776
25026
25196
25198
25402
25660
25699
25749
25850
26147
26147
26147
26147
26147
26555
26807
27106
27305
27495
27557
27597
28171
28400
28474
28474
28474
28474
28474
28474
28474
28474
28474
28474
28474
28474
28474
28474
28503
28524
28546
28711
28721
28888
28977
29182
29270
29287
29287
29287
29287
29287
29287
29287
29287
29287
29287
29287
29287
29287
29287
29287
29287
29287
29287
29287
29287
29299
29502
29849
29968
30114
30152
30262
30265
30300
30342
30619
31017
31017
31017
31017
31017
31017
31017
31017
31017
31186
31229
31323
31629
31670
31922
32188
32336
32462
32463
32499
32578
32598
32639
32657
32657
32657
32657
32657
32657
32657
32657
32979
32986
33021
33147
33153
33386
33494
33821
33894
34397
34893
34959
35179
35422
35917
35948
36001
36115
36255
36281
36298
36377
36420
36499
36530
36933
36995
37101
37166
37236
37589
37756
37756
37975
37984
38003
38259
38297
38297
38297
38297
38297
38297
38297
38297
38297
38297
38297
38297
38349
38413
38484
38490
38598
38653
38714
38778
38823
38991
39227
39229
39280
39639
39863
39893
40052
40087
40140
40283
40475
40572
40774
40942
40962
41016
41380
41386
41410
41446
41537
41731
42013
42139
42315
42757
43056
43111
43828
43897
44010
44313
44495
44722
44725
45021
45188
45392
45441
45582
45821
46430
46509
46618
46797
46881
46881
46881
46881
46881
46881
46881
46881
46881
46881
47016
47031
47047
47202
47281
47501
47662
47695
48019
48062
48266
48292
48474
48477
49061
49094
49214
49272
49347
49347
49347
49347
49347
49347
49347
49347
49347
49347
49347
49347
49347
49347
49347
49347
49541
50088
50312
50398
50472
50704
51140
51209
51234
51354
51386
51480
51598
51611
51619
51758
51809
51927
52122
52168
52280
52541
52565
52809
53074
53507
53931
54120
54551
54596
54746
54768
54841
54841
54841
54841
54841
54841
54841
54841
54841
54841
54841
54841
54841
54841
54841
54841
55218
55227
55227
55227
55227
55227
55227
55227
55227
55227
55227
55227
55227
55227
55227
55227
55227
55227
55227
55331
55337
55338
55383
55497
55498
55636
55674
55737
55825
55895
55970
56038
56215
56269
56269
56269
56269
56269
56269
56269
56543
56995
56999
57074
57184
57273
57385
57387
57661
57786
58024
58196
58198
58198
58198
58198
58198
58436
58607
58670
58674
58933
58997
59021
59298
59307
59489
59969
60035
60110
60224
60463
60469
60542
60661
60858
60953
61095
61353
61430
61523
61530
61530
61530
61530
61530
61530
61530
61530
61530
61530
61530
61530
61530
61530
61530
61531
61722
61774
62168
62179
62216
62478
62527
62596
62596
62686
62981
63071
63112
63311
63392
63518
63544
63606
63606
63606
63606
63606
63606
63606
63606
63606
63606
63606
63606
63726
63998
64534
64603
64603
64603
64726
64794
65028
65084
65084
65084
65084
65084
65084
65084
65084
65084
65084
65084
65398
65482
65580
65879
65979
66006
66164
66482
66593
66637
66656
67010
67042
67477
67538
67672
67672
67672
67672
67672
67672
67672
67672
67672
67672
67672
67695
67742
67847
68402
68472
69059
69138
69150
69159
69194
69227
69478
69484
69833
70037
70168
70285
70323
70377
70427
70559
70816
71006
71020
71090
71102
71171
71640
71798
71811
72387
72558
72623
72732
72737
72861
72892
73225
73425
73487
73664
73704
73846
73846
73846
73846
73846
73952
73958
73988
74119
74322
74472
74502
74502
74502
74502
74502
74502
74502
74502
74608
74727
74893
75113
75245
75245
75245
75245
75245
75245
75245
75245
75245
75245
75245
76051
76128
76172
76190
76339
76748
76805
77160
77160
77160
77160
77160
77160
77168
77206
77312
77571
77721
77741
77838
78034
78249
78516
78580
78652
78951
79066
79095
79180
79327
79513
79630
80017
80058
80139
80166
80353
80376
80499
80499
80499
80499
80499
80499
80499
80499
80499
80499
80499
80499
80499
80499
80499
80499
80499
80499
80499
80522
80890
80952
80998
81095
81249
81327
81630
81687
81795
81918
81991
82320
82433
82465
82513
82669
82745
83035
83134
83349
83349
83349
83414
83534
83869
84023
84059
84059
84059
84059
84085
84085
84085
84085
84085
84085
84085
84085
84184
84884
84959
84991
85022
85029
85063
85116
85116
85116
85116
85116
85116
85170
85287
85306
85337
85337
85337
85337
85337
85337
85337
85337
85337
85337
85337
85337
85337
85337
85395
85425
85428
85428
85428
85428
85428
85428
85428
85480
85495
85576
85592
86060
86411
86637
87140
87184
87204
87287
87497
87497
87497
87497
87497
87497
87497
87497
87497
87497
87497
87497
87497
87684
87772
88002
88748
88863
88985
89106
89142
89321
89485
89509
89520
89584
89841
89929
89946
89967
90031
90123
90341
90414
90848
90870
90916
90916
90916
90916
90916
90916
90916
90916
90916
90916
90916
90916
90916
90916
90916
90916
90916
91011
91759
92101
92108
92108
92108
92108
92108
92108
92108
92108
92108
92108
92108
92108
92108
92108
92108
92108
92108
92108
92195
92418
92519
92536
92546
92695
92936
93362
93607
93684
93777
93836
93895
93928
93989
94199
94213
94218
94389
94497
94504
94719
94936
95034
95249
95419
95476
95696
95741
96030
96106
96117
96119
96148
96251
96273
96525
96614
96626
96734
96754
97274
97794
97813
97893
97980
98192
98291
98335
98435
98741
98755
98888
98948
98976
99101
99224
99349
99400
99400
99400
99400
99400
99400
99400
99400
99400
99400
99400
99400
99459
99584
99676
0
0
0
0
0
0
0
0
0
0
0
0
0
0
0
0
0
0
0
0
0
0
0
0
0
0
0
0
0
0
0
0
0
0
0
0
0
0
0
0
0
0
0
0
0
0
0
0
0
0
0
0
0
0
0
0
0
0
0
0
0
0
0
0
0
0
0
0
0
0
0
0
0
0
0
0
0
0
0
0
0
0
0
0
0
0
0
0
0
0
0
0
0
0
0
0
0
0
0
0
0
0
0
0
0
0
0
0
0
0
0
0
0
0
0
0
0
0
0
0
0
0
0
0
0
0
0
0
0
0
0
0
0
0
0
0
0
0
0
0
0
0
0
0
0
0
0
0
0
0
0
0
0
0
0
0
0
0
0
0
0
0
0
0
0
0
0
0
0
0
0
0
0
0
0
0
0
0
0
0
0
0
0
0
0
0
0
0
0
0
0
0
0
0
0
0
0
0
0
0
0
0
0
0
0
0
0
0
0
0
0
0
0
0
0
0
0
0
0
0
0
0
0
0
0
0
0
0
0
0
0
0
0
0
0
0
0
0
0
0
0
0
0
0
0
0
0
0
0
0
0
0
0
0
0
0
0
0
0
0
0
0
0
0
0
0
0
0
0
0
0
0
0
0
0
0
0
0
0
0
0
0
0
0
0
0
0
0
0
0
0
0
0
0
0
0
0
0
0
0
0
0
0
0
0
0
0
0
0
0
0
0
0
0
0
0
0
0
0
0
0
0
0
0
0
0
0
0
0
0
0
0
0
0
0
0
0
0
0
0
0
0
0
0
0
0
0
0
0
0
0
0
0
0
0
0
0
0
0
0
0
0
0
0
0
0
0
0
0
0
0
0
0
0
0
0
0
0
0
0
0
0
0
0
0
0
0
0
0
0
0
0
0
0
0
0
0
0
0
0
0
0
0
0
0
0
0
0
0
0
0
0
0
0
0
0
0
0
0
0
0
0
0
0
0
0
0
0
0
0
0
0
0
0
0
0
0
0
0
0
0
0
0
0
0
0
0
0
0
0
0
0
0
0
0
0
0
0
0
0
0
0
0
0
0
0
0
0
0
0
0
0
0
0
0
0
0
0
0
0
0
0
0
0
0
0
0
0
0
0
0
0
0
0
0
0
0
0
0
0
0
0
0
0
0
0
0
0
0
0
0
0
0
0
0
0
0
0
0
0
0
0
0
0
0
0
0
0
0
0
0
0
0
0
0
0
0
0
0
0
0
0
0
0
0
0
0
0
0
0
0
0
0
0
0
0
0
0
0
0
0
0
0
0
0
0
0
0
0
0
0
0
0
0
0
0
0
0
0
0
0
0
0
0
0
0
0
0
0
0
0
0
0
0
0
0
0
0
0
0
0
0
0
0
0
0
0
0
0
0
0
0
0
0
0
0
0
0
0
0
0
0
0
0
0
0
0
0
0
0
0
0
0
0
0
0
0
0
0
0
0
0
0
0
0
0
0
0
0
0
0
0
0
0
0
0
0
0
0
0
0
0
0
0
0
0
0
0
0
0
0
0
0
0
0
0
0
0
0
0
0
0
0
0
0
0
0
0
0
0
0
0
0
0
0
0
0
0
0
0
0
0
0
0
0
0
0
0
0
0
0
0
0
0
0
0
0
0
0
0
0
0
0
0
0
0
0
0
0
0
0
0
0
0
0
0
0
0
0
0
0
0
0
0
0
0
0
0
0
0
0
0
0
0
0
0
0
0
0
0
0
0
0
0
0
0
0
0
0
0
0
0
0
0
0
0
0
0
0
0
0
0
0
0
0
0
0
0
0
0
0
0
0
0
0
0
0
0
0
0
0
0
0
0
0
0
0
0
0
0
0
0
0
0
0
0
0
0
0
0
0
0
0
0
0
0
0
0
0
0
0
0
0
0
0
0
0
0
0
0
0
0
0
0
0
0
0
0
0
0
0
0
0
0
0
0
0
0
0
0
0
0
0
0
0
0
0
0
0
0
0
0
0
0
0
0
0
0
0
0
0
0
0
0
0
0
0
0
0
0
0
0
0
0
0
0
0
0
0
0
0
0
0
0
0
0
0
0
0
0
0
0
0
0
0
0
0
0
0
0
0
0
0
0
0
0
0
0
0
0
0
0
0
0
0
0
0
0
0
0
0
0
0
0
0
0
0
0
0
0
0
0
0
0
0
0
0
0
0
0
0
0
0
0
0
0
0
0
0
0
0
0
0
0
0
0
0
0
0
0
0
0
0
0
0
0
0
0
0
0
0
0
0
0
0
0
0
0
0
0
